{
  "f287c679c250a841": {
    "eval_video_offset": 0,
    "start_frame": 46,
    "frame_indices": [
      46,
      49,
      52,
      55,
      58,
      61,
      64,
      67
    ],
    "raw_poses": [
      [
        0.47605618834495544,
        0.8463221192359924,
        0.5,
        0.5,
        0.0,
        0.0,
        0.9748766422271729,
        0.061073802411556244,
        -0.2142091691493988,
        0.38518357276916504,
        -0.06584792584180832,
        0.9977136254310608,
        -0.015216141007840633,
        0.22093768417835236,
        0.2127901017665863,
        0.02893908880650997,
        0.9766693115234375,
        -0.877854585647583
      ],
      [
        0.47605618834495544,
        0.8463221192359924,
        0.5,
        0.5,
        0.0,
        0.0,
        0.9747496843338013,
        0.06155557557940483,
        -0.2146485149860382,
        0.3735148012638092,
        -0.06685581803321838,
        0.9976089000701904,
        -0.01751372590661049,
        0.24117285013198853,
        0.21305721998214722,
        0.031422000378370285,
        0.9765343070030212,
        -0.9457552433013916
      ],
      [
        0.47605618834495544,
        0.8463221192359924,
        0.5,
        0.5,
        0.0,
        0.0,
        0.9745495915412903,
        0.06162741035223007,
        -0.21553459763526917,
        0.3632095158100128,
        -0.0670439749956131,
        0.9975893497467041,
        -0.017903516069054604,
        0.25931426882743835,
        0.21391168236732483,
        0.03189815953373909,
        0.9763320684432983,
        -1.0061326026916504
      ],
      [
        0.47605618834495544,
        0.8463221192359924,
        0.5,
        0.5,
        0.0,
        0.0,
        0.9744786620140076,
        0.06228300929069519,
        -0.21566687524318695,
        0.35883429646492004,
        -0.06880691647529602,
        0.9973678588867188,
        -0.022867683321237564,
        0.2821454107761383,
        0.21367493271827698,
        0.03712344169616699,
        0.976199209690094,
        -1.0633337497711182
      ],
      [
        0.47605618834495544,
        0.8463221192359924,
        0.5,
        0.5,
        0.0,
        0.0,
        0.9745017290115356,
        0.06195740029215813,
        -0.21565644443035126,
        0.3553665280342102,
        -0.06879965960979462,
        0.9973330497741699,
        -0.02435922808945179,
        0.30336830019950867,
        0.21357207000255585,
        0.038575198501348495,
        0.9761654138565063,
        -1.121466875076294
      ],
      [
        0.47605618834495544,
        0.8463221192359924,
        0.5,
        0.5,
        0.0,
        0.0,
        0.9744454026222229,
        0.06146841123700142,
        -0.21605034172534943,
        0.3541985750198364,
        -0.06971018016338348,
        0.997093915939331,
        -0.03072889894247055,
        0.33147692680358887,
        0.21353362500667572,
        0.04500454291701317,
        0.9758985638618469,
        -1.1797590255737305
      ],
      [
        0.47605618834495544,
        0.8463221192359924,
        0.5,
        0.5,
        0.0,
        0.0,
        0.9743937849998474,
        0.06150374189019203,
        -0.21627306938171387,
        0.3558526039123535,
        -0.07061632722616196,
        0.9969013929367065,
        -0.034654997289180756,
        0.3592280149459839,
        0.21347150206565857,
        0.04904002323746681,
        0.9757176637649536,
        -1.2404597997665405
      ],
      [
        0.47605618834495544,
        0.8463221192359924,
        0.5,
        0.5,
        0.0,
        0.0,
        0.974341094493866,
        0.061431314796209335,
        -0.21653084456920624,
        0.3581206500530243,
        -0.07204479724168777,
        0.996539294719696,
        -0.041460562497377396,
        0.3887372314929962,
        0.21323451399803162,
        0.05599664896726608,
        0.9753950238227844,
        -1.3004108667373657
      ]
    ],
    "interp_endpoints": {
      "first": [
        0.47605618834495544,
        0.8463221192359924,
        0.5,
        0.5,
        0.9748766422271729,
        0.061073802411556244,
        -0.2142091691493988,
        0.38518357276916504,
        -0.06584792584180832,
        0.9977136254310608,
        -0.015216141007840633,
        0.22093768417835236,
        0.2127901017665863,
        0.02893908880650997,
        0.9766693115234375,
        -0.877854585647583
      ],
      "last": [
        0.47605618834495544,
        0.8463221192359924,
        0.5,
        0.5,
        0.974341094493866,
        0.061431314796209335,
        -0.21653084456920624,
        0.3581206500530243,
        -0.07204479724168777,
        0.996539294719696,
        -0.041460562497377396,
        0.3887372314929962,
        0.21323451399803162,
        0.05599664896726608,
        0.9753950238227844,
        -1.3004108667373657
      ]
    }
  },
  "e83b2a90d1b8c1a7": {
    "eval_video_offset": 1,
    "start_frame": 240,
    "frame_indices": [
      240,
      243,
      246,
      249,
      252,
      255,
      258,
      261
    ],
    "raw_poses": [
      [
        0.48865172266960144,
        0.8687142133712769,
        0.5,
        0.5,
        0.0,
        0.0,
        0.9999629259109497,
        0.008609411306679249,
        -0.00012837100075557828,
        -0.40453752875328064,
        -0.0086065623909235,
        0.9998530745506287,
        0.01482511404901743,
        -0.9995414614677429,
        0.000255986989941448,
        -0.014823459088802338,
        0.9998900890350342,
        1.4550727605819702
      ],
      [
        0.48865172266960144,
        0.8687142133712769,
        0.5,
        0.5,
        0.0,
        0.0,
        0.9999632239341736,
        0.008560685440897942,
        -0.00047709798673167825,
        -0.4110645651817322,
        -0.008552594110369682,
        0.9998515844345093,
        0.01495434995740652,
        -1.0114645957946777,
        0.0006050459924153984,
        -0.014949719421565533,
        0.9998880624771118,
        1.4711896181106567
      ],
      [
        0.48865172266960144,
        0.8687142133712769,
        0.5,
        0.5,
        0.0,
        0.0,
        0.9999632835388184,
        0.008562273345887661,
        -0.00041295099072158337,
        -0.41610994935035706,
        -0.008555115200579166,
        0.999850869178772,
        0.0150029007345438,
        -1.023166298866272,
        0.0005413489998318255,
        -0.014998816885054111,
        0.9998873472213745,
        1.4872363805770874
      ],
      [
        0.48865172266960144,
        0.8687142133712769,
        0.5,
        0.5,
        0.0,
        0.0,
        0.9999593496322632,
        0.008983969688415527,
        -0.0007329080253839493,
        -0.42159953713417053,
        -0.008971449919044971,
        0.99983811378479,
        0.015595491975545883,
        -1.0340553522109985,
        0.0008728979737497866,
        -0.01558828353881836,
        0.9998781085014343,
        1.5039247274398804
      ],
      [
        0.48865172266960144,
        0.8687142133712769,
        0.5,
        0.5,
        0.0,
        0.0,
        0.9999587535858154,
        0.009076784364879131,
        -0.00032814699807204306,
        -0.4251994788646698,
        -0.009070088155567646,
        0.9998210668563843,
        0.016599373891949654,
        -1.0439531803131104,
        0.00047875699237920344,
        -0.016595711931586266,
        0.9998621940612793,
        1.5212366580963135
      ],
      [
        0.48865172266960144,
        0.8687142133712769,
        0.5,
        0.5,
        0.0,
        0.0,
        0.9999557733535767,
        0.009328031912446022,
        -0.0011811800068244338,
        -0.432461678981781,
        -0.009308733977377415,
        0.9998379945755005,
        0.015406777150928974,
        -1.0589526891708374,
        0.0013247040333226323,
        -0.015395100228488445,
        0.9998806118965149,
        1.5351446866989136
      ],
      [
        0.48865172266960144,
        0.8687142133712769,
        0.5,
        0.5,
        0.0,
        0.0,
        0.9999524354934692,
        0.009680936112999916,
        -0.0012094209669157863,
        -0.4363643229007721,
        -0.009660538285970688,
        0.99982750415802,
        0.015864841639995575,
        -1.070170521736145,
        0.0013627989683300257,
        -0.01585240289568901,
        0.9998733997344971,
        1.5512642860412598
      ],
      [
        0.48865172266960144,
        0.8687142133712769,
        0.5,
        0.5,
        0.0,
        0.0,
        0.9999451041221619,
        0.01033357996493578,
        -0.0017457300564274192,
        -0.4433113634586334,
        -0.010304461233317852,
        0.9998198747634888,
        0.015937764197587967,
        -1.0830720663070679,
        0.001910110004246235,
        -0.015918899327516556,
        0.9998714327812195,
        1.5670950412750244
      ]
    ],
    "interp_endpoints": {
      "first": [
        0.48865172266960144,
        0.8687142133712769,
        0.5,
        0.5,
        0.9999629259109497,
        0.008609411306679249,
        -0.00012837100075557828,
        -0.40453752875328064,
        -0.0086065623909235,
        0.9998530745506287,
        0.01482511404901743,
        -0.9995414614677429,
        0.000255986989941448,
        -0.014823459088802338,
        0.9998900890350342,
        1.4550727605819702
      ],
      "last": [
        0.48865172266960144,
        0.8687142133712769,
        0.5,
        0.5,
        0.9999451041221619,
        0.01033357996493578,
        -0.0017457300564274192,
        -0.4433113634586334,
        -0.010304461233317852,
        0.9998198747634888,
        0.015937764197587967,
        -1.0830720663070679,
        0.001910110004246235,
        -0.015918899327516556,
        0.9998714327812195,
        1.5670950412750244
      ]
    }
  },
  "1e2a2be2df033527": {
    "eval_video_offset": 2,
    "start_frame": 154,
    "frame_indices": [
      154,
      157,
      160,
      163,
      166,
      169,
      172,
      175
    ],
    "raw_poses": [
      [
        0.4761453866958618,
        0.8464806079864502,
        0.5,
        0.5,
        0.0,
        0.0,
        0.9314408302307129,
        0.04628976434469223,
        -0.36093655228614807,
        -0.09377054125070572,
        -0.049038540571928024,
        0.9987956881523132,
        0.0015446329489350319,
        0.16639983654022217,
        0.3605733811855316,
        0.016261069104075432,
        0.9325891137123108,
        -2.337162733078003
      ],
      [
        0.4761453866958618,
        0.8464806079864502,
        0.5,
        0.5,
        0.0,
        0.0,
        0.9234319925308228,
        0.04833638295531273,
        -0.38070589303970337,
        -0.04281246289610863,
        -0.05112488940358162,
        0.9986883401870728,
        0.0027912058867514133,
        0.17677144706249237,
        0.38034147024154663,
        0.01688605733215809,
        0.9246919751167297,
        -2.410233974456787
      ],
      [
        0.4761453866958618,
        0.8464806079864502,
        0.5,
        0.5,
        0.0,
        0.0,
        0.9147652983665466,
        0.05015527084469795,
        -0.4008602499961853,
        0.01420995406806469,
        -0.053356241434812546,
        0.9985705018043518,
        0.0031809948850423098,
        0.18915608525276184,
        0.40044674277305603,
        0.018478533253073692,
        0.9161337018013,
        -2.482318878173828
      ],
      [
        0.4761453866958618,
        0.8464806079864502,
        0.5,
        0.5,
        0.0,
        0.0,
        0.9052959680557251,
        0.05240192636847496,
        -0.42153680324554443,
        0.07508435845375061,
        -0.05451072379946709,
        0.9984882473945618,
        0.007056013215333223,
        0.1935708373785019,
        0.4212692975997925,
        0.016590498387813568,
        0.9067838191986084,
        -2.551723003387451
      ],
      [
        0.4761453866958618,
        0.8464806079864502,
        0.5,
        0.5,
        0.0,
        0.0,
        0.8950963616371155,
        0.05445617809891701,
        -0.44253480434417725,
        0.13954032957553864,
        -0.05269400030374527,
        0.9984778761863708,
        0.016285914927721024,
        0.17795705795288086,
        0.4427480697631836,
        0.008741465397179127,
        0.8966034650802612,
        -2.6144182682037354
      ],
      [
        0.4761453866958618,
        0.8464806079864502,
        0.5,
        0.5,
        0.0,
        0.0,
        0.8846561312675476,
        0.05688730627298355,
        -0.4627605378627777,
        0.20490680634975433,
        -0.05425598472356796,
        0.9983461499214172,
        0.019006235525012016,
        0.17803387343883514,
        0.4630764424800873,
        0.008293544873595238,
        0.8862795233726501,
        -2.6719586849212646
      ],
      [
        0.4761453866958618,
        0.8464806079864502,
        0.5,
        0.5,
        0.0,
        0.0,
        0.8743271231651306,
        0.05949550122022629,
        -0.4816765785217285,
        0.2685161232948303,
        -0.053794533014297485,
        0.9982224702835083,
        0.02565149776637554,
        0.16353483498096466,
        0.4823465645313263,
        0.003483766922727227,
        0.8759735226631165,
        -2.729835033416748
      ],
      [
        0.4761453866958618,
        0.8464806079864502,
        0.5,
        0.5,
        0.0,
        0.0,
        0.8635208606719971,
        0.06162595748901367,
        -0.5005336999893188,
        0.33497267961502075,
        -0.0538233257830143,
        0.9980987906455994,
        0.03003041073679924,
        0.15102519094944,
        0.5014327168464661,
        0.0010085010435432196,
        0.8651960492134094,
        -2.785165309906006
      ]
    ],
    "interp_endpoints": {
      "first": [
        0.4761453866958618,
        0.8464806079864502,
        0.5,
        0.5,
        0.9314408302307129,
        0.04628976434469223,
        -0.36093655228614807,
        -0.09377054125070572,
        -0.049038540571928024,
        0.9987956881523132,
        0.0015446329489350319,
        0.16639983654022217,
        0.3605733811855316,
        0.016261069104075432,
        0.9325891137123108,
        -2.337162733078003
      ],
      "last": [
        0.4761453866958618,
        0.8464806079864502,
        0.5,
        0.5,
        0.8635208606719971,
        0.06162595748901367,
        -0.5005336999893188,
        0.33497267961502075,
        -0.0538233257830143,
        0.9980987906455994,
        0.03003041073679924,
        0.15102519094944,
        0.5014327168464661,
        0.0010085010435432196,
        0.8651960492134094,
        -2.785165309906006
      ]
    }
  },
  "247bc2e47eb7f6fa": {
    "eval_video_offset": 3,
    "start_frame": 147,
    "frame_indices": [
      147,
      150,
      153,
      156,
      159,
      162,
      165,
      168
    ],
    "raw_poses": [
      [
        0.4845901131629944,
        0.8614935278892517,
        0.5,
        0.5,
        0.0,
        0.0,
        0.9213237166404724,
        -0.02932949736714363,
        0.3876885771751404,
        0.7273959517478943,
        0.036582402884960175,
        0.9992663264274597,
        -0.011339664459228516,
        0.47521865367889404,
        -0.38707154989242554,
        0.02463008090853691,
        0.9217206835746765,
        -3.983898401260376
      ],
      [
        0.4845901131629944,
        0.8614935278892517,
        0.5,
        0.5,
        0.0,
        0.0,
        0.9221106767654419,
        -0.029654650017619133,
        0.38578811287879944,
        0.7490020394325256,
        0.03657850995659828,
        0.9992743730545044,
        -0.01061801053583622,
        0.48313701152801514,
        -0.3851932883262634,
        0.023902535438537598,
        0.9225262999534607,
        -4.054757595062256
      ],
      [
        0.4845901131629944,
        0.8614935278892517,
        0.5,
        0.5,
        0.0,
        0.0,
        0.9238892197608948,
        -0.02933114767074585,
        0.38153427839279175,
        0.7876749634742737,
        0.03556433320045471,
        0.9993241429328918,
        -0.009294524788856506,
        0.4846021234989166,
        -0.38100382685661316,
        0.0221561249345541,
        0.9243079423904419,
        -4.12699031829834
      ],
      [
        0.4845901131629944,
        0.8614935278892517,
        0.5,
        0.5,
        0.0,
        0.0,
        0.9258090257644653,
        -0.02843904122710228,
        0.3769201934337616,
        0.8275377750396729,
        0.03414180874824524,
        0.9993812441825867,
        -0.008456301875412464,
        0.48658743500709534,
        -0.3764464855194092,
        0.020697658881545067,
        0.9262071251869202,
        -4.205653190612793
      ],
      [
        0.4845901131629944,
        0.8614935278892517,
        0.5,
        0.5,
        0.0,
        0.0,
        0.9280996322631836,
        -0.027722854167222977,
        0.3712983727455139,
        0.874550461769104,
        0.033246271312236786,
        0.9994112253189087,
        -0.008481920696794987,
        0.4948083460330963,
        -0.37084463238716125,
        0.020216355100274086,
        0.9284748435020447,
        -4.283473491668701
      ],
      [
        0.4845901131629944,
        0.8614935278892517,
        0.5,
        0.5,
        0.0,
        0.0,
        0.93028324842453,
        -0.02807607129216194,
        0.3657660484313965,
        0.9190754294395447,
        0.03348164260387421,
        0.9994036555290222,
        -0.008442779071629047,
        0.507227897644043,
        -0.3653109073638916,
        0.02010062336921692,
        0.9306685328483582,
        -4.3602519035339355
      ],
      [
        0.4845901131629944,
        0.8614935278892517,
        0.5,
        0.5,
        0.0,
        0.0,
        0.9324985146522522,
        -0.02800232172012329,
        0.3600866496562958,
        0.963648796081543,
        0.03334251046180725,
        0.9994067549705505,
        -0.008626059629023075,
        0.5187293291091919,
        -0.3596315085887909,
        0.02004997991025448,
        0.9328789710998535,
        -4.433505058288574
      ],
      [
        0.4845901131629944,
        0.8614935278892517,
        0.5,
        0.5,
        0.0,
        0.0,
        0.9346780776977539,
        -0.028214504942297935,
        0.3543739318847656,
        1.006358027458191,
        0.033268559724092484,
        0.999413013458252,
        -0.008176244795322418,
        0.5263504385948181,
        -0.35393521189689636,
        0.019431665539741516,
        0.9350680708885193,
        -4.504323959350586
      ]
    ],
    "interp_endpoints": {
      "first": [
        0.4845901131629944,
        0.8614935278892517,
        0.5,
        0.5,
        0.9213237166404724,
        -0.02932949736714363,
        0.3876885771751404,
        0.7273959517478943,
        0.036582402884960175,
        0.9992663264274597,
        -0.011339664459228516,
        0.47521865367889404,
        -0.38707154989242554,
        0.02463008090853691,
        0.9217206835746765,
        -3.983898401260376
      ],
      "last": [
        0.4845901131629944,
        0.8614935278892517,
        0.5,
        0.5,
        0.9346780776977539,
        -0.028214504942297935,
        0.3543739318847656,
        1.006358027458191,
        0.033268559724092484,
        0.999413013458252,
        -0.008176244795322418,
        0.5263504385948181,
        -0.35393521189689636,
        0.019431665539741516,
        0.9350680708885193,
        -4.504323959350586
      ]
    }
  },
  "f5e9ab93b539e29f": {
    "eval_video_offset": 4,
    "start_frame": 230,
    "frame_indices": [
      230,
      233,
      236,
      239,
      242,
      245,
      248,
      251
    ],
    "raw_poses": [
      [
        0.4308043122291565,
        0.7658742666244507,
        0.5,
        0.5,
        0.0,
        0.0,
        0.9996883869171143,
        0.0015155220171436667,
        0.024917686358094215,
        -0.4615326523780823,
        -0.0021653641015291214,
        0.9996576905250549,
        0.0260732751339674,
        -0.5035592317581177,
        -0.0248696431517601,
        -0.026119105517864227,
        0.9993494153022766,
        1.5489667654037476
      ],
      [
        0.4308043122291565,
        0.7658742666244507,
        0.5,
        0.5,
        0.0,
        0.0,
        0.9996817111968994,
        0.0016947649419307709,
        0.02517128922045231,
        -0.4671602249145508,
        -0.002357400953769684,
        0.9996508359909058,
        0.02631876803934574,
        -0.5091707110404968,
        -0.025117896497249603,
        -0.0263697300106287,
        0.9993366599082947,
        1.568424940109253
      ],
      [
        0.4308043122291565,
        0.7658742666244507,
        0.5,
        0.5,
        0.0,
        0.0,
        0.9996775984764099,
        0.001720083993859589,
        0.025333762168884277,
        -0.4729233682155609,
        -0.002383585087954998,
        0.9996542930603027,
        0.026183487847447395,
        -0.5156217217445374,
        -0.02527996525168419,
        -0.02623542957007885,
        0.9993360638618469,
        1.5869537591934204
      ],
      [
        0.4308043122291565,
        0.7658742666244507,
        0.5,
        0.5,
        0.0,
        0.0,
        0.9996749758720398,
        0.0017074629431590438,
        0.02543732337653637,
        -0.4790479838848114,
        -0.0023758639581501484,
        0.999652087688446,
        0.02626938372850418,
        -0.5235152244567871,
        -0.025383619591593742,
        -0.026321280747652054,
        0.9993312358856201,
        1.605966567993164
      ],
      [
        0.4308043122291565,
        0.7658742666244507,
        0.5,
        0.5,
        0.0,
        0.0,
        0.9996679425239563,
        0.0016674109501764178,
        0.025714335963129997,
        -0.4849090576171875,
        -0.0023463149555027485,
        0.9996488690376282,
        0.026394227519631386,
        -0.5318701267242432,
        -0.025661297142505646,
        -0.026445798575878143,
        0.9993208050727844,
        1.6252992153167725
      ],
      [
        0.4308043122291565,
        0.7658742666244507,
        0.5,
        0.5,
        0.0,
        0.0,
        0.9996704459190369,
        0.0017400650540366769,
        0.025612231343984604,
        -0.4911523461341858,
        -0.00241924193687737,
        0.9996455907821655,
        0.02651064097881317,
        -0.5401131510734558,
        -0.025557024404406548,
        -0.026563866063952446,
        0.999320387840271,
        1.6446572542190552
      ],
      [
        0.4308043122291565,
        0.7658742666244507,
        0.5,
        0.5,
        0.0,
        0.0,
        0.9996580481529236,
        0.0017101640114560723,
        0.026093725115060806,
        -0.4968288540840149,
        -0.0024152679834514856,
        0.9996321201324463,
        0.02701442502439022,
        -0.5473252534866333,
        -0.026037925854325294,
        -0.027068210765719414,
        0.9992944002151489,
        1.6649055480957031
      ],
      [
        0.4308043122291565,
        0.7658742666244507,
        0.5,
        0.5,
        0.0,
        0.0,
        0.9996533393859863,
        0.0018073499668389559,
        0.026266127824783325,
        -0.5030311942100525,
        -0.002513197949156165,
        0.9996359348297119,
        0.0268647912889719,
        -0.5540708899497986,
        -0.02620800957083702,
        -0.02692149020731449,
        0.9992939233779907,
        1.6841202974319458
      ]
    ],
    "interp_endpoints": {
      "first": [
        0.4308043122291565,
        0.7658742666244507,
        0.5,
        0.5,
        0.9996883869171143,
        0.0015155220171436667,
        0.024917686358094215,
        -0.4615326523780823,
        -0.0021653641015291214,
        0.9996576905250549,
        0.0260732751339674,
        -0.5035592317581177,
        -0.0248696431517601,
        -0.026119105517864227,
        0.9993494153022766,
        1.5489667654037476
      ],
      "last": [
        0.4308043122291565,
        0.7658742666244507,
        0.5,
        0.5,
        0.9996533393859863,
        0.0018073499668389559,
        0.026266127824783325,
        -0.5030311942100525,
        -0.002513197949156165,
        0.9996359348297119,
        0.0268647912889719,
        -0.5540708899497986,
        -0.02620800957083702,
        -0.02692149020731449,
        0.9992939233779907,
        1.6841202974319458
      ]
    }
  },
  "4dcf8df5f8912e0e": {
    "eval_video_offset": 5,
    "start_frame": 46,
    "frame_indices": [
      46,
      49,
      52,
      55,
      58,
      61,
      64,
      67
    ],
    "raw_poses": [
      [
        0.47678807377815247,
        0.8476232886314392,
        0.5,
        0.5,
        0.0,
        0.0,
        0.9477583765983582,
        0.013556599617004395,
        0.3187008500099182,
        0.4419346749782562,
        -0.010092709213495255,
        0.9998707175254822,
        -0.012517686001956463,
        0.09255798161029816,
        -0.31882932782173157,
        0.008647187612950802,
        0.9477726817131042,
        -0.5398082733154297
      ],
      [
        0.47678807377815247,
        0.8476232886314392,
        0.5,
        0.5,
        0.0,
        0.0,
        0.9472396373748779,
        0.014514145441353321,
        0.3201974034309387,
        0.46268340945243835,
        -0.011149691417813301,
        0.9998617172241211,
        -0.01233835518360138,
        0.09301368147134781,
        -0.32033219933509827,
        0.008117277175188065,
        0.9472705125808716,
        -0.5864628553390503
      ],
      [
        0.47678807377815247,
        0.8476232886314392,
        0.5,
        0.5,
        0.0,
        0.0,
        0.9468593001365662,
        0.014896126464009285,
        0.3213028907775879,
        0.48609861731529236,
        -0.011818529106676579,
        0.9998637437820435,
        -0.011526855640113354,
        0.09189825505018234,
        -0.3214308023452759,
        0.007116983179003,
        0.946906328201294,
        -0.6342556476593018
      ],
      [
        0.47678807377815247,
        0.8476232886314392,
        0.5,
        0.5,
        0.0,
        0.0,
        0.9480221271514893,
        0.01483571995049715,
        0.31785842776298523,
        0.5157181620597839,
        -0.011991150677204132,
        0.999868631362915,
        -0.010903897695243359,
        0.09190153330564499,
        -0.3179784417152405,
        0.006525646895170212,
        0.9480754733085632,
        -0.6798800826072693
      ],
      [
        0.47678807377815247,
        0.8476232886314392,
        0.5,
        0.5,
        0.0,
        0.0,
        0.9499712586402893,
        0.014459525234997272,
        0.3120025098323822,
        0.5480663180351257,
        -0.01188914105296135,
        0.9998779296875,
        -0.01013907790184021,
        0.0929960086941719,
        -0.3121110200881958,
        0.005922391079366207,
        0.9500271677970886,
        -0.72574782371521
      ],
      [
        0.47678807377815247,
        0.8476232886314392,
        0.5,
        0.5,
        0.0,
        0.0,
        0.9520532488822937,
        0.014008023776113987,
        0.30561143159866333,
        0.5818778872489929,
        -0.011710373684763908,
        0.9998877048492432,
        -0.009350275620818138,
        0.0956898108124733,
        -0.305708110332489,
        0.0053231362253427505,
        0.9521104097366333,
        -0.7691249847412109
      ],
      [
        0.47678807377815247,
        0.8476232886314392,
        0.5,
        0.5,
        0.0,
        0.0,
        0.9540839791297913,
        0.013384356163442135,
        0.2992400527000427,
        0.6133310198783875,
        -0.01147334836423397,
        0.9999010562896729,
        -0.008142272010445595,
        0.09642588347196579,
        -0.29931941628456116,
        0.004335125908255577,
        0.9541431069374084,
        -0.8097870349884033
      ],
      [
        0.47678807377815247,
        0.8476232886314392,
        0.5,
        0.5,
        0.0,
        0.0,
        0.9563397765159607,
        0.013231659308075905,
        0.29195740818977356,
        0.6451119184494019,
        -0.011480536311864853,
        0.9999043941497803,
        -0.007710371166467667,
        0.09766186773777008,
        -0.29203149676322937,
        0.004021907225251198,
        0.9564002156257629,
        -0.8485230803489685
      ]
    ],
    "interp_endpoints": {
      "first": [
        0.47678807377815247,
        0.8476232886314392,
        0.5,
        0.5,
        0.9477583765983582,
        0.013556599617004395,
        0.3187008500099182,
        0.4419346749782562,
        -0.010092709213495255,
        0.9998707175254822,
        -0.012517686001956463,
        0.09255798161029816,
        -0.31882932782173157,
        0.008647187612950802,
        0.9477726817131042,
        -0.5398082733154297
      ],
      "last": [
        0.47678807377815247,
        0.8476232886314392,
        0.5,
        0.5,
        0.9563397765159607,
        0.013231659308075905,
        0.29195740818977356,
        0.6451119184494019,
        -0.011480536311864853,
        0.9999043941497803,
        -0.007710371166467667,
        0.09766186773777008,
        -0.29203149676322937,
        0.004021907225251198,
        0.9564002156257629,
        -0.8485230803489685
      ]
    }
  },
  "41be40880094d8d1": {
    "eval_video_offset": 6,
    "start_frame": 29,
    "frame_indices": [
      29,
      32,
      35,
      38,
      41,
      44,
      47,
      50
    ],
    "raw_poses": [
      [
        0.478421688079834,
        0.8505274057388306,
        0.5,
        0.5,
        0.0,
        0.0,
        0.9975011944770813,
        -0.007820609025657177,
        0.07021551579236984,
        0.04297251254320145,
        0.007997287437319756,
        0.9999655485153198,
        -0.0022354600951075554,
        -0.0007608539890497923,
        -0.07019560784101486,
        0.0027914070524275303,
        0.9975293278694153,
        -0.2403060495853424
      ],
      [
        0.478421688079834,
        0.8505274057388306,
        0.5,
        0.5,
        0.0,
        0.0,
        0.9969630837440491,
        -0.008141879923641682,
        0.0774487853050232,
        0.04307360202074051,
        0.00831547286361456,
        0.9999635815620422,
        -0.0019191560568287969,
        -0.0013856500154361129,
        -0.0774303451180458,
        0.0025573510210961103,
        0.9969944953918457,
        -0.25200849771499634
      ],
      [
        0.478421688079834,
        0.8505274057388306,
        0.5,
        0.5,
        0.0,
        0.0,
        0.9964069724082947,
        -0.008850189857184887,
        0.08423065394163132,
        0.04229374974966049,
        0.009046966210007668,
        0.9999571442604065,
        -0.0019547459669411182,
        -0.002734001027420163,
        -0.08420974016189575,
        0.002709754044190049,
        0.9964443445205688,
        -0.2628518044948578
      ],
      [
        0.478421688079834,
        0.8505274057388306,
        0.5,
        0.5,
        0.0,
        0.0,
        0.9957180023193359,
        -0.00937969982624054,
        0.09196554869413376,
        0.04113452509045601,
        0.009581232443451881,
        0.9999525547027588,
        -0.0017501040128991008,
        -0.00419378699734807,
        -0.09194476902484894,
        0.002623752923682332,
        0.9957606792449951,
        -0.2733275890350342
      ],
      [
        0.478421688079834,
        0.8505274057388306,
        0.5,
        0.5,
        0.0,
        0.0,
        0.9949485063552856,
        -0.009644514881074429,
        0.09992202371358871,
        0.040518924593925476,
        0.009837373159825802,
        0.9999505877494812,
        -0.0014375409809872508,
        -0.007070246152579784,
        -0.09990321844816208,
        0.0024132500402629375,
        0.9949942231178284,
        -0.2829890251159668
      ],
      [
        0.478421688079834,
        0.8505274057388306,
        0.5,
        0.5,
        0.0,
        0.0,
        0.9942314028739929,
        -0.010320756584405899,
        0.10675861686468124,
        0.040118347853422165,
        0.010477577336132526,
        0.9999446868896484,
        -0.00090812798589468,
        -0.01120220497250557,
        -0.10674334317445755,
        0.0020214610267430544,
        0.9942845702171326,
        -0.2936706840991974
      ],
      [
        0.478421688079834,
        0.8505274057388306,
        0.5,
        0.5,
        0.0,
        0.0,
        0.9935144782066345,
        -0.010587742552161217,
        0.11321178078651428,
        0.04050356149673462,
        0.010767772793769836,
        0.9999415278434753,
        -0.00097882398404181,
        -0.016329513862729073,
        -0.11319480091333389,
        0.0021915140096098185,
        0.9935703873634338,
        -0.30422040820121765
      ],
      [
        0.478421688079834,
        0.8505274057388306,
        0.5,
        0.5,
        0.0,
        0.0,
        0.9926897287368774,
        -0.010395451448857784,
        0.1202455386519432,
        0.040083449333906174,
        0.010680945590138435,
        0.9999414682388306,
        -0.0017299860483035445,
        -0.02202107384800911,
        -0.12022051215171814,
        0.0030016759410500526,
        0.992742657661438,
        -0.31632664799690247
      ]
    ],
    "interp_endpoints": {
      "first": [
        0.478421688079834,
        0.8505274057388306,
        0.5,
        0.5,
        0.9975011944770813,
        -0.007820609025657177,
        0.07021551579236984,
        0.04297251254320145,
        0.007997287437319756,
        0.9999655485153198,
        -0.0022354600951075554,
        -0.0007608539890497923,
        -0.07019560784101486,
        0.0027914070524275303,
        0.9975293278694153,
        -0.2403060495853424
      ],
      "last": [
        0.478421688079834,
        0.8505274057388306,
        0.5,
        0.5,
        0.9926897287368774,
        -0.010395451448857784,
        0.1202455386519432,
        0.040083449333906174,
        0.010680945590138435,
        0.9999414682388306,
        -0.0017299860483035445,
        -0.02202107384800911,
        -0.12022051215171814,
        0.0030016759410500526,
        0.992742657661438,
        -0.31632664799690247
      ]
    }
  },
  "f088c85322065722": {
    "eval_video_offset": 7,
    "start_frame": 41,
    "frame_indices": [
      41,
      44,
      47,
      50,
      53,
      56,
      59,
      62
    ],
    "raw_poses": [
      [
        0.4980487823486328,
        0.885420024394989,
        0.5,
        0.5,
        0.0,
        0.0,
        0.9567942023277283,
        0.01615123637020588,
        -0.29031702876091003,
        0.3435135781764984,
        -0.016598837450146675,
        0.9998617768287659,
        0.0009208249975927174,
        -0.08832728117704391,
        0.29029178619384766,
        0.003937885165214539,
        0.9569301009178162,
        -0.7553202509880066
      ],
      [
        0.4980487823486328,
        0.885420024394989,
        0.5,
        0.5,
        0.0,
        0.0,
        0.9554881453514099,
        0.01637093722820282,
        -0.294575035572052,
        0.35545679926872253,
        -0.016785895451903343,
        0.9998584985733032,
        0.001119907945394516,
        -0.08784325420856476,
        0.29455167055130005,
        0.0038746469654142857,
        0.9556276798248291,
        -0.7742406725883484
      ],
      [
        0.4980487823486328,
        0.885420024394989,
        0.5,
        0.5,
        0.0,
        0.0,
        0.9548370242118835,
        0.016795698553323746,
        -0.29665493965148926,
        0.3659324049949646,
        -0.017294861376285553,
        0.9998499751091003,
        0.0009418540284968913,
        -0.08582396060228348,
        0.2966262698173523,
        0.004231289029121399,
        0.9549842476844788,
        -0.7928532361984253
      ],
      [
        0.4980487823486328,
        0.885420024394989,
        0.5,
        0.5,
        0.0,
        0.0,
        0.9542030096054077,
        0.01689884625375271,
        -0.2986822724342346,
        0.3757084012031555,
        -0.017413539811968803,
        0.999847948551178,
        0.0009382030111737549,
        -0.08271992206573486,
        0.298652708530426,
        0.0043058800511062145,
        0.9543521404266357,
        -0.8102901577949524
      ],
      [
        0.4980487823486328,
        0.885420024394989,
        0.5,
        0.5,
        0.0,
        0.0,
        0.9538900852203369,
        0.01723823882639408,
        -0.29966068267822266,
        0.38472816348075867,
        -0.017707811668515205,
        0.9998425245285034,
        0.001148698036558926,
        -0.08031462132930756,
        0.29963329434394836,
        0.004210602957755327,
        0.9540451765060425,
        -0.8269644975662231
      ],
      [
        0.4980487823486328,
        0.885420024394989,
        0.5,
        0.5,
        0.0,
        0.0,
        0.9535775184631348,
        0.017340725287795067,
        -0.3006479740142822,
        0.3930250406265259,
        -0.01795230060815811,
        0.9998385906219482,
        0.0007284819730557501,
        -0.07654362171888351,
        0.30061209201812744,
        0.004702658858150244,
        0.9537348747253418,
        -0.8420543670654297
      ],
      [
        0.4980487823486328,
        0.885420024394989,
        0.5,
        0.5,
        0.0,
        0.0,
        0.953262209892273,
        0.017412740737199783,
        -0.30164214968681335,
        0.4013388454914093,
        -0.01797841303050518,
        0.9998379945755005,
        0.0009009949862957001,
        -0.0735456645488739,
        0.30160897970199585,
        0.0045641628094017506,
        0.9534208178520203,
        -0.856471836566925
      ],
      [
        0.4980487823486328,
        0.885420024394989,
        0.5,
        0.5,
        0.0,
        0.0,
        0.9529746174812317,
        0.017568660899996758,
        -0.30254048109054565,
        0.4096401035785675,
        -0.01811535842716694,
        0.9998354315757751,
        0.0009991830447688699,
        -0.0704086571931839,
        0.30250826478004456,
        0.00452843401581049,
        0.9531360268592834,
        -0.8696654438972473
      ]
    ],
    "interp_endpoints": {
      "first": [
        0.4980487823486328,
        0.885420024394989,
        0.5,
        0.5,
        0.9567942023277283,
        0.01615123637020588,
        -0.29031702876091003,
        0.3435135781764984,
        -0.016598837450146675,
        0.9998617768287659,
        0.0009208249975927174,
        -0.08832728117704391,
        0.29029178619384766,
        0.003937885165214539,
        0.9569301009178162,
        -0.7553202509880066
      ],
      "last": [
        0.4980487823486328,
        0.885420024394989,
        0.5,
        0.5,
        0.9529746174812317,
        0.017568660899996758,
        -0.30254048109054565,
        0.4096401035785675,
        -0.01811535842716694,
        0.9998354315757751,
        0.0009991830447688699,
        -0.0704086571931839,
        0.30250826478004456,
        0.00452843401581049,
        0.9531360268592834,
        -0.8696654438972473
      ]
    }
  },
  "81f016e6f7ed33c4": {
    "eval_video_offset": 8,
    "start_frame": 132,
    "frame_indices": [
      132,
      135,
      138,
      141,
      144,
      147,
      150,
      153
    ],
    "raw_poses": [
      [
        0.49991610646247864,
        0.8887397646903992,
        0.5,
        0.5,
        0.0,
        0.0,
        0.9999853372573853,
